Percent of the population who cannot afford sufficient calories [CoCA_headcount],Percent of the population who cannot afford nutrient adequacy [CoNA_headcount],Percent of the population who cannot afford a healthy diet [CoHD_headcount],Millions of people who cannot afford sufficient calories [CoCA_unafford_n],Millions of people who cannot afford nutrient adequacy [CoNA_unafford_n],Millions of people who cannot afford a healthy diet [CoHD_unafford_n],Population [Pop]
..,..,..,..,..,..,105361
57.2,87.1,92.9,17,26,27.7,29816769
..,..,..,..,..,..,..
0,13,37.8,0,0.4,1.1,2873457
0,0,0,0,0,0,9487206
0.3,7.1,11,0.1,3.1,4.8,44044811
0.6,16.8,40.9,0,0.5,1.2,2944789
..,..,..,..,..,..,95425
0.2,0.5,0.7,0.1,0.1,0.2,24601860
0.2,0.5,0.6,0,0,0.1,8797566
0,0,0,0,0,0,9854033
56.1,89.6,97.5,6.1,9.7,10.6,10827010
0.1,0.3,0.3,0,0,0,11375158
13.9,82.3,90.7,1.5,9.2,10.1,11175192
7.5,79,85.1,1.4,15.2,16.3,19193236
0.8,51.8,77.4,1.2,82.7,123.7,159685421
0.4,6.4,11.3,0,0.5,0.8,7075947
..,..,..,..,..,..,1494077
..,..,..,..,..,..,381749
0,2.3,4.6,0,0.1,0.2,3351534
0,0.1,0.8,0,0,0.1,9458989
13.9,45.5,39.4,0.1,0.2,0.1,375775
..,..,..,..,..,..,63873
9.3,28,30.2,1,3.1,3.4,11192853
..,..,..,..,..,..,..
3.2,16.9,18.3,6.6,35.2,38.1,207833825
..,..,..,..,..,..,286229
..,..,..,..,..,..,424481
1.3,32.7,57.6,0,0.2,0.4,745563
1.4,45.1,63.8,0,1,1.4,2205076
70.3,85.4,95.4,3.2,3.9,4.4,4596023
0,0.5,0.7,0,0.2,0.3,36545295
0,0,0,0,0,0,8451840
0.2,1.2,3.4,0,0.2,0.6,18470435
0.2,8,14.3,2.3,111.7,199.3,1396215000
7.6,37.5,76.5,1.9,9.2,18.7,24437475
16.8,50.7,60.9,4.1,12.5,15,24566070
38.5,91.5,96.4,31.3,74.5,78.5,81398765
46.4,85.3,91.6,2.4,4.4,4.7,5110701
3.5,20.3,24.7,1.7,9.9,12.1,48909844
..,..,..,..,..,..,813890
0.3,27.6,42.1,0,0.1,0.2,537499
0.8,8.1,16.2,0,0.4,0.8,4949955
..,..,..,..,..,..,160175
..,..,..,..,..,..,63382
0,0.1,0.1,0,0,0,1179685
0,0.2,0.4,0,0,0,10594438
0,0.2,0.2,0,0.2,0.2,82657002
5.3,56.9,64.6,0.1,0.5,0.6,944100
..,..,..,..,..,..,71460
0.1,0.2,0.2,0,0,0,5764980
0.9,13.1,21.2,0.1,1.4,2.2,10513111
0.2,7.2,35.2,0.1,3,14.6,41389174
1,15.1,24.6,22.4,341.1,553.2,2285841820
0.2,2,4,1.7,16.9,32.7,825534541
4.7,16,18.9,0.8,2.7,3.2,16785356
2,44.9,76.2,2,43.3,73.5,96442590
0.5,1.1,1.9,0.2,0.5,0.9,46593236
0.2,0.7,1,0,0,0,1317384
10.3,69.9,88.3,10.9,74.4,94,106399926
0.1,0.1,0.1,0,0,0,5508214
0.3,26.9,51.5,0,0.2,0.5,877460
0,0,0.1,0,0,0,66918020
2.4,23.3,36,0.1,0.5,0.7,2064812
0.1,0.4,0.5,0.1,0.3,0.3,66058859
7.7,43.2,64.4,2.2,12.6,18.8,29121464
16.3,75.8,94.3,2,9.1,11.4,12067516
7.5,58.9,69.2,0.2,1.3,1.5,2213900
22.6,64.6,87.4,0.4,1.2,1.6,1828146
..,..,..,..,..,..,1262008
0.5,2.9,4.3,0.1,0.3,0.5,10754679
..,..,..,..,..,..,110874
4.6,34.2,47.8,0,0.3,0.4,775218
0.6,1,1.5,6.7,11.2,17.4,1194816765
..,..,..,..,..,..,7391700
16.9,55.2,53.7,1.6,5.2,5.1,9429016
0.4,3.8,7.2,0,0.2,0.3,4124531
21.5,70.8,82.7,2.4,7.8,9.1,10982367
0.3,1.7,3.3,0,0.2,0.3,9787966
3.4,47,70.7,9,124.3,187.2,264650969
2.1,57.3,74.9,28.8,766.6,1002.5,1338676779
0.2,0.3,0.3,0,0,0,4807388
0.1,4,12,0.1,3.2,9.6,80673888
1.7,30.1,53.3,0.6,11.3,20,37552789
0,0,0,0,0,0,343400
0.2,1.2,1.7,0,0.1,0.2,8713300
1,2.1,2.9,0.6,1.3,1.7,60536709
1.5,45.6,64.7,0,1.3,1.9,2920848
0,0.6,15.8,0,0.1,1.6,9785840
1.2,1.2,2.5,1.5,1.5,3.2,126785797
0,0.3,1.5,0,0.1,0.3,18037776
18,66.6,83.5,9,33.4,41.9,50221146
0.7,39.1,56.6,0,2.4,3.5,6198200
..,..,..,..,..,..,16009413
..,..,..,..,..,..,52036
0,1.5,1.7,0,0.8,0.9,51361911
..,..,..,..,..,..,4056102
1.7,68.5,80.6,0.1,4.8,5.6,6953031
37.8,92.4,97.1,1.8,4.3,4.6,4702224
4.4,16.4,20.2,0,0,0,180955
2.9,18.1,22.4,16.7,102.6,126.8,574267763
22.4,76.2,90.2,105.5,359.2,425.6,479395884
0.4,19.4,52.3,0.1,4.2,11.2,21444000
7.8,51.4,71.5,240.3,1584.1,2205,3106274008
9,59.7,80.2,0.2,1.2,1.7,2091532
0.8,1.6,3.6,0,0,0.1,2828403
0.1,0.4,0.4,0,0,0,596336
0.2,1.7,3.4,0,0,0.1,1942248
0.1,7.1,18.9,0,2.5,6.7,35581257
0,0.7,5.9,0,0,0.2,2755158
77.8,95.8,97.1,19.9,24.5,24.8,25570511
0,0.9,4.2,0,0,0,496398
0.9,19.2,38.7,2.9,64.6,130.4,382968401
0.8,18.6,26.1,1,23.2,32.6,124777326
2.6,17.7,21.8,0.1,0.4,0.5,2074502
2.4,61.6,80.1,0.4,11.4,14.8,18512429
0.1,0.3,0.3,0,0,0,467999
0.6,39.2,68.1,0.3,20.9,36.3,53382521
1.6,9.5,17.4,0,0.1,0.1,622373
0.1,12.7,55.3,0,0.4,1.7,3113788
13.3,83.5,91.3,3.8,23.9,26.2,28649007
2.9,49.2,62.9,0.1,2.1,2.7,4282582
..,..,..,..,..,..,..
0,6,14.8,0,0.1,0.2,1264613
3.5,86.3,95.5,0.6,15.3,16.9,17670193
0,0.8,2.6,0,0.2,0.8,31104655
1.1,1.4,1.9,4.1,5.1,6.8,361731296
13.4,32.4,54.4,0.3,0.8,1.3,2402623
9.9,72.5,91.1,2.1,15.7,19.7,21602388
55.3,78.1,94.1,105.6,149,179.7,190873247
5.7,21.2,32.2,0.4,1.4,2.1,6384843
0,0.3,0.4,0,0,0.1,17131296
0.3,0.5,0.5,0,0,0,5276968
5.9,64.3,86.8,1.6,17.8,24,27632682
..,..,..,..,..,..,4813600
..,..,..,..,..,..,4665926
0.2,38.4,79.7,0.4,79.9,165.7,207906210
2.7,14.7,21.1,0.1,0.6,0.9,4106764
2.2,14.5,23.7,0.7,4.6,7.5,31444299
7.5,54.2,71,7.9,57.1,74.6,105172921
0,0.1,1,0,0,0.4,37974826
0.1,0.7,1.1,0,0.1,0.1,10300300
0.5,24.8,20.1,0,1.7,1.4,6867058
1,4.4,25.4,0,0.2,1.1,4454805
..,..,..,..,..,..,2724727
0.9,7.9,11.9,0.2,1.6,2.3,19588715
0,1,4,0,1.4,5.7,144496739
34.5,66.8,89,4.1,8,10.7,11980960
1.8,54.2,75.6,32.1,951.4,1327.5,1756587053
..,..,..,..,..,..,33101183
12.7,54.4,86.3,5.2,22.2,35.2,40813398
3.2,42.3,53,0.5,6.5,8.2,15419354
..,..,..,..,..,..,5612253
54.4,84.4,91.1,4.1,6.3,6.8,7488427
..,..,..,..,..,..,6388124
3.2,15.2,29,0.2,1.1,2,7020858
29.8,72.2,86.2,301.3,730.5,872.2,1021249977
16.3,75.7,84.4,0,0.2,0.2,207086
17.9,40.9,57.6,0.1,0.2,0.3,570501
0.1,1.3,2,0,0.1,0.1,5439232
0,0,0.1,0,0,0,2066388
0.2,0.3,0.5,0,0,0.1,10057698
22.8,60.4,74.8,0.3,0.7,0.8,1124808
..,..,..,..,..,..,40574
0.1,2.5,8.8,0,0,0,95843
..,..,..,..,..,..,37116
13.9,65,84.9,2.1,9.8,12.8,15016761
..,..,..,..,..,..,7698476
0,5.6,17.5,0,3.9,12.1,69209817
1.7,26.5,42.9,0.2,2.3,3.8,8880270
0.2,6.1,10.7,0,0.1,0.1,1384060
0,3.2,21.8,0,0.4,2.5,11433438
0,3.4,6.9,0,2.8,5.6,81116451
0,0.2,0.2,0,0.1,0.1,23560000
43.9,79.7,88.7,24,43.6,48.5,54660345
14.2,69.3,84.8,5.9,28.5,34.9,41166588
1.2,10.6,16.5,28.7,257.7,401.2,2427694194
0,0.8,2.7,0,0,0.1,3436645
1.2,1.5,2,4.1,4.9,6.5,325122128
..,..,..,..,..,..,109826
..,..,..,..,..,..,29567
1.3,15.9,32.4,1.2,15.1,30.7,94600643
5.4,31.1,42.9,381.2,2212.2,3049.1,7208180851
24,60.1,65.2,13.7,34.3,37.2,57009751
63.8,81.8,87.6,10.7,13.8,14.8,16853608
15.8,70.8,84.1,2.2,10.1,12,14236599
